|Value|CT|Gender|20_24|25_29|30_34|35_39|40_44|45_49|50_54|55_59|60_64|65_69|70_74|75_79|80_84|85+|
|--|--|--|--|--|--|--|--|--|--|--|--|--|--|--|--|--|
|lower|breast|Men|0|0|0|0|0|0|0|0|0|0|0|0|0|0|
|real|breast|Men|0|0|0|0|2|3|3|5|2|9|9|7|9|10|
|mean|breast|Men|0|0|0|0|0|0|1|3|5|7|11|9|6|6|
|upper|breast|Men|0|0|0|1|2|2|5|10|14|18|26|20|14|13|
|lower|breast|Women|0|9|64|157|323|556|610|643|741|851|989|701|497|463|
|real|breast|Women|6|42|145|247|558|944|1059|911|1106|1289|1567|908|759|622|
|mean|breast|Women|2|35|127|272|535|897|983|1053|1183|1342|1518|1114|779|744|
|upper|breast|Women|7|61|191|388|747|1238|1357|1463|1625|1834|2048|1527|1060|1025|
|lower|OSC|Men|0|0|0|0|0|2|18|52|114|232|506|740|683|849|
|real|OSC|Men|0|7|4|7|8|24|52|118|244|427|846|1322|1239|1581|
|mean|OSC|Men|0|1|2|5|11|24|53|114|219|419|890|1273|1177|1417|
|upper|OSC|Men|2|5|8|14|25|46|89|176|323|605|1274|1805|1671|1985|
|lower|OSC|Women|0|0|0|0|0|11|28|54|93|158|307|423|415|757|
|real|OSC|Women|0|3|6|6|14|52|63|107|193|320|595|797|826|1329|
|mean|OSC|Women|0|1|4|7|17|40|76|119|185|304|560|765|746|1349|
|upper|OSC|Women|2|5|12|18|35|69|123|185|276|451|812|1107|1078|1942|
|lower|uterus|Women|0|10|27|32|37|50|71|95|110|133|171|155|110|100|
|real|uterus|Women|10|29|56|64|88|103|144|175|199|238|342|275|222|135|
|mean|uterus|Women|6|37|70|74|81|104|140|179|199|239|298|270|190|176|
|upper|uterus|Women|15|64|112|116|126|158|209|262|287|345|426|386|269|251|
|lower|colon|Men|0|0|0|3|14|39|77|129|204|313|461|500|354|261|
|real|colon|Men|3|8|22|27|57|92|164|229|334|460|743|713|536|374|
|mean|colon|Men|2|6|13|24|46|85|150|236|351|515|749|812|577|424|
|upper|colon|Men|8|16|28|44|78|131|223|343|499|718|1037|1123|801|587|
|lower|colon|Women|0|0|0|3|14|36|68|112|161|240|353|404|335|348|
|real|colon|Women|4|13|13|22|51|101|145|176|268|428|591|644|568|535|
|mean|colon|Women|4|6|12|22|42|83|137|204|281|404|584|664|556|556|
|upper|colon|Women|11|17|26|42|71|130|206|297|401|568|815|924|778|765|
|lower|UT|Men|0|0|0|0|0|5|20|50|95|170|285|337|233|188|
|real|UT|Men|2|5|4|2|6|31|47|113|173|321|492|588|409|329|
|mean|UT|Men|0|1|2|5|11|27|55|105|177|308|502|566|396|317|
|upper|UT|Men|1|5|8|13|24|49|91|160|259|446|719|794|559|446|
|lower|UT|Women|0|0|0|0|0|0|0|10|26|43|76|87|65|67|
|real|UT|Women|0|0|2|1|2|5|14|45|57|97|156|180|126|136|
|mean|UT|Women|0|0|0|1|3|8|19|38|67|98|156|171|128|131|
|upper|UT|Women|0|1|2|5|10|20|38|67|109|153|236|254|192|194|
|lower|melanoma|Men|0|0|6|16|29|54|77|104|120|145|206|215|148|124|
|real|melanoma|Men|5|22|41|48|65|105|155|207|249|284|383|379|264|203|
|mean|melanoma|Men|7|17|32|51|74|119|163|200|228|277|386|378|262|225|
|upper|melanoma|Men|17|36|59|86|119|183|249|296|336|409|566|541|376|327|
|lower|melanoma|Women|0|8|20|34|55|85|102|92|98|114|144|142|91|110|
|real|melanoma|Women|13|34|42|76|108|188|199|211|194|196|302|245|205|178|
|mean|melanoma|Women|14|36|59|83|121|169|193|187|187|212|266|256|167|196|
|upper|melanoma|Women|28|63|97|131|187|253|284|282|276|311|389|371|243|282|
|lower|lung|Men|0|0|0|0|0|1|14|43|93|175|288|288|164|83|
|real|lung|Men|3|1|4|8|8|17|50|78|162|295|505|514|307|128|
|mean|lung|Men|0|0|1|3|8|20|45|94|178|315|494|501|280|147|
|upper|lung|Men|0|2|4|10|19|39|76|146|264|454|699|714|395|211|
|lower|lung|Women|0|0|0|0|0|4|22|55|121|210|326|289|149|93|
|real|lung|Women|1|3|6|4|15|16|61|109|195|355|617|583|265|146|
|mean|lung|Women|0|0|1|3|11|27|60|122|228|379|587|509|269|169|
|upper|lung|Women|1|2|5|11|24|51|98|190|334|548|847|728|388|246|
|lower|brain|Men|0|0|2|3|8|14|21|24|32|33|35|26|12|6|
|real|brain|Men|11|16|25|22|44|43|56|74|95|73|96|61|43|16|
|mean|brain|Men|11|19|25|28|35|47|61|70|78|79|83|63|30|18|
|upper|brain|Men|25|39|48|53|62|81|101|115|123|126|131|99|48|29|
|lower|brain|Women|0|0|2|5|11|21|27|31|36|40|41|29|12|7|
|real|brain|Women|6|16|14|22|37|59|71|74|84|87|101|88|43|15|
|mean|brain|Women|8|15|21|28|40|61|72|78|84|90|98|67|32|24|
|upper|brain|Women|19|30|41|51|70|100|117|124|133|140|156|106|52|41|
|lower|esophagus|Men|0|0|0|0|0|0|0|3|11|22|32|30|18|12|
|real|esophagus|Men|0|0|1|1|0|3|12|16|41|50|81|81|36|37|
|mean|esophagus|Men|0|0|0|0|0|4|11|25|41|60|81|73|43|30|
|upper|esophagus|Men|0|0|0|0|3|12|25|46|71|97|131|117|68|48|
|lower|esophagus|Women|0|0|0|0|0|0|0|0|0|0|3|4|3|3|
|real|esophagus|Women|0|0|1|0|0|4|2|8|19|20|38|36|16|20|
|mean|esophagus|Women|0|0|0|0|0|0|2|7|11|18|26|26|18|21|
|upper|esophagus|Women|0|0|0|0|0|2|7|18|24|36|50|48|34|39|
|lower|kidney|Men|0|0|0|0|1|11|22|36|51|65|90|86|42|20|
|real|kidney|Men|1|22|7|9|19|44|83|94|124|167|203|159|80|27|
|mean|kidney|Men|0|1|2|9|20|41|65|87|114|138|186|169|85|44|
|upper|kidney|Men|1|6|9|21|39|71|107|139|177|210|282|252|128|68|
|lower|kidney|Women|0|0|0|0|0|0|4|11|17|24|40|40|25|15|
|real|kidney|Women|0|0|6|1|13|16|28|45|49|56|93|78|68|29|
|mean|kidney|Women|0|0|1|2|7|14|28|42|52|66|95|93|58|41|
|upper|kidney|Women|1|2|5|8|18|30|51|73|87|108|150|146|90|67|
|lower|liver|Men|0|0|0|0|0|0|5|20|40|56|73|63|39|22|
|real|liver|Men|1|1|4|8|9|8|29|54|104|111|160|116|103|46|
|mean|liver|Men|0|0|1|1|6|14|30|62|101|124|154|139|82|48|
|upper|liver|Men|0|2|6|7|16|29|56|105|161|193|235|214|125|74|
|lower|liver|Women|0|0|0|0|0|0|0|5|14|26|43|47|34|28|
|real|liver|Women|1|0|1|4|2|8|15|24|38|65|133|113|73|59|
|mean|liver|Women|0|0|0|1|3|7|15|28|45|67|101|107|76|66|
|upper|liver|Women|0|1|2|4|9|18|32|51|76|108|160|168|118|104|
|lower|OEG|Men|0|0|0|0|1|3|7|10|13|16|20|16|6|1|
|real|OEG|Men|9|10|14|20|20|27|34|40|46|43|55|57|25|8|
|mean|OEG|Men|4|9|16|16|21|25|37|43|45|50|57|47|21|9|
|upper|OEG|Men|13|22|34|34|41|48|67|75|78|85|93|78|35|17|
|lower|OEG|Women|0|5|5|7|10|13|21|23|20|23|26|21|8|1|
|real|OEG|Women|14|16|21|19|30|31|63|62|72|53|71|42|27|10|
|mean|OEG|Women|16|29|33|34|40|46|63|64|59|64|71|56|25|12|
|upper|OEG|Women|32|54|61|61|70|78|105|105|99|106|115|91|42|24|
|lower|HL|Men|0|0|0|0|0|0|0|0|0|0|0|0|0|0|
|real|HL|Men|10|18|12|14|10|5|5|4|7|9|9|13|3|1|
|mean|HL|Men|9|10|10|8|7|5|6|6|6|7|8|6|3|2|
|upper|HL|Men|22|24|25|20|19|15|16|16|16|16|19|15|8|5|
|lower|HL|Women|0|0|0|0|0|0|0|0|0|0|0|0|0|0|
|real|HL|Women|13|15|6|6|5|2|6|4|4|5|9|5|7|4|
|mean|HL|Women|9|9|9|5|4|3|2|3|3|4|4|3|2|1|
|upper|HL|Women|21|22|22|15|11|9|9|9|9|11|12|10|7|5|
|lower|MM|Men|0|0|0|0|0|0|0|5|14|23|37|41|27|17|
|real|MM|Men|0|0|0|2|4|11|23|26|47|44|87|83|69|36|
|mean|MM|Men|0|0|0|0|3|8|18|30|46|62|87|93|60|39|
|upper|MM|Men|0|0|1|4|10|19|36|54|78|100|137|144|93|61|
|lower|MM|Women|0|0|0|0|0|0|0|2|5|12|20|26|18|13|
|real|MM|Women|0|0|0|0|3|11|11|17|31|45|60|71|49|30|
|mean|MM|Women|0|0|0|0|2|5|10|20|27|42|61|64|45|37|
|upper|MM|Women|0|0|0|1|7|13|23|39|49|71|102|102|73|61|
|lower|NHL|Men|0|0|0|0|2|8|17|29|43|66|99|108|76|51|
|real|NHL|Men|6|9|7|17|26|34|59|82|110|136|172|169|143|93|
|mean|NHL|Men|3|5|8|13|21|33|52|74|97|135|192|210|141|98|
|upper|NHL|Men|9|14|20|28|41|59|88|119|152|203|285|313|206|145|
|lower|NHL|Women|0|0|0|0|0|2|8|16|27|40|62|75|51|50|
|real|NHL|Women|0|10|5|12|7|22|35|56|58|95|133|163|135|101|
|mean|NHL|Women|1|4|6|8|12|23|36|51|69|94|134|149|106|102|
|upper|NHL|Women|5|12|16|20|26|44|64|86|111|148|206|224|161|154|
|lower|ovarian|Women|0|0|0|0|2|10|20|28|36|42|52|44|23|14|
|real|ovarian|Women|6|7|10|11|22|35|50|70|77|103|118|86|50|21|
|mean|ovarian|Women|3|5|7|12|20|37|55|69|79|90|111|92|51|37|
|upper|ovarian|Women|9|15|18|26|37|63|90|109|122|138|169|140|79|59|
|lower|pancreas|Men|0|0|0|0|0|0|2|13|26|50|76|71|39|21|
|real|pancreas|Men|0|0|1|0|3|14|18|52|73|115|154|155|76|45|
|mean|pancreas|Men|0|0|0|0|2|9|24|45|72|110|160|151|81|47|
|upper|pancreas|Men|0|0|1|3|9|22|46|77|117|169|244|232|123|72|
|lower|pancreas|Women|0|0|0|0|0|0|1|10|24|42|70|75|45|36|
|real|pancreas|Women|0|0|1|2|1|12|23|36|71|100|153|163|115|84|
|mean|pancreas|Women|0|0|0|0|2|8|21|38|65|100|148|154|96|79|
|upper|pancreas|Women|0|0|1|3|9|20|41|67|107|158|226|233|147|121|
|lower|stomach|Men|0|0|0|0|0|0|0|7|17|30|47|52|36|28|
|real|stomach|Men|1|2|3|5|18|10|22|42|47|77|101|112|73|62|
|mean|stomach|Men|0|0|1|2|6|10|19|32|48|71|101|107|73|57|
|upper|stomach|Men|0|1|5|7|15|23|39|56|79|111|155|162|109|85|
|lower|stomach|Women|0|0|0|0|0|0|0|0|4|9|19|22|19|20|
|real|stomach|Women|0|0|2|4|10|17|22|23|26|35|53|38|51|37|
|mean|stomach|Women|0|0|0|2|5|9|11|18|25|34|53|59|47|49|
|upper|stomach|Women|0|2|4|8|14|21|25|35|45|59|88|96|76|78|
|lower|thyroid|Men|0|0|0|0|0|0|0|0|0|1|3|2|1|0|
|real|thyroid|Men|4|10|15|34|13|21|20|22|23|24|35|19|8|10|
|mean|thyroid|Men|1|5|12|14|15|19|19|21|21|23|30|23|11|7|
|upper|thyroid|Men|7|15|29|31|33|39|40|43|43|44|57|43|21|14|
|lower|thyroid|Women|0|5|13|15|16|18|17|13|12|10|15|9|6|4|
|real|thyroid|Women|15|24|60|54|70|54|45|49|28|35|61|31|22|11|
|mean|thyroid|Women|14|32|53|54|56|61|58|49|43|40|49|35|25|21|
|upper|thyroid|Women|29|59|92|94|95|104|99|84|74|70|82|61|43|38|
|lower|UL|Men|0|0|0|0|0|0|0|1|7|14|24|29|21|16|
|real|UL|Men|1|1|1|1|4|9|13|18|29|50|48|61|64|47|
|mean|UL|Men|0|0|0|1|2|6|11|21|30|43|63|66|47|37|
|upper|UL|Men|1|2|3|5|8|16|25|41|52|72|102|104|73|57|
|lower|UL|Women|0|0|0|0|0|0|0|4|10|20|34|43|38|39|
|real|UL|Women|0|2|3|1|4|9|18|22|32|48|71|125|74|73|
|mean|UL|Women|0|0|0|1|4|8|16|25|36|55|82|98|80|83|
|upper|UL|Women|0|1|3|6|12|19|32|46|62|89|129|153|123|128|
|lower|prostata|Men|0|0|0|0|0|28|178|471|799|1094|1287|985|470|239|
|real|prostata|Men|1|0|0|1|14|83|287|725|1294|1900|2018|1616|726|390|
|mean|prostata|Men|0|0|0|0|7|75|340|850|1433|1927|2207|1663|816|411|
|upper|prostata|Men|0|0|0|1|19|122|503|1230|2068|2760|3126|2341|1163|582|
|lower|testicle|Men|5|19|24|19|12|5|0|0|0|0|0|0|0|0|
|real|testicle|Men|38|67|76|53|41|41|25|18|8|6|5|3|3|3|
|mean|testicle|Men|32|70|77|65|47|33|19|11|7|4|3|1|0|0|
|upper|testicle|Men|59|121|131|110|81|62|39|25|17|12|10|5|3|3|
